[lookups/fb_keyword]
owner = kuldeep.singh
version = 9.0.4
modtime = 1685498810.626357000

[app/install/state]
version = 9.0.4
modtime = 1685420751.327848000

[lookups/fb_takedown.csv]
version = 9.0.4
modtime = 1688692803.276798000

[app/install/install_source_checksum]
version = 9.3.1
modtime = 1726643655.107994000
