[app/ui]
version = 9.3.1
modtime = 1727148191.207858000

[app/launcher]
version = 9.3.1
modtime = 1727148191.209410000

[app/install/state]
version = 9.3.1
modtime = 1727148208.646137000
